Conan
Barbarian
Mercenary
Thief
6
6
4
4
4
4
4
7
4
5
4
4
5
4
6
4
4
4
4
4
5
4
4
4
4
4
4
4
4
4
4
4
4
4
4
4

0

0

0

0

0
0
0
0
0
0
0
0
0
0
0
0
0
0
0
0
0
0
0
0
0
0
0
0
0
0
0
0
0
0
0
0
0
0
0
0
0
0
0
0
0
0
0
0
0
0
0
0
0
0
0
0
0
0
0
0
0
0
0
0
0
0
0
0
0
0
0
0
0
0
0
0
0
0
0
0
0
0
0
0
0
0
0
0
0
0
0
0
0
0
0
0
0
0
0
0
0
0
0
0
0
0
0
0
0
0
0
0
0
0
0
0
0
0
0
0
0
0
Sword
1
1
0
1
slash
1
4
1
-3
2
-20
-20
-20
-858993460
jab
2
4
1
-6
2
-20
-20
-20
-858993460

2
4
1
-20
-1
1
-3
-6
2

0
4
0
2
1
-858993460
-858993460
-858993460
-858993460
Spear
1
1
0
1
jab
2
4
1
-20
3
-20
-20
-20
-858993460
Throw
2
4
1
-20
-1
0
1
-3
2

2
4
1
-20
-1
1
-3
-6
2

0
4
0
2
1
-858993460
-858993460
-858993460
-858993460
Short Sword
1
1
0
1
Slash
1
4
1
-3
3
-20
-20
-20
-1
Jab
2
4
1
-5
3
-20
-20
-20
-1

2
4
1
-5
3
-20
-20
-20
-1

2
4
1
-5
3
-20
-20
-20
-1
Long Sword
1
1
0
1
Slash
1
4
1
-20
4
-20
-20
-20
-1
Jab
2
4
1
-20
3
-20
-20
-20
-1
Chop
3
4
1
-20
3
-20
-20
-20
-1

3
4
1
-20
3
-20
-20
-20
-1
Knife
1
1
0
1
slash
1
4
1
0
1
-20
-20
-20
-858993460
jab
2
4
1
0
1
-20
-20
-20
-858993460
Throw
2
4
1
-20
-1
1
-3
-6
2

0
4
0
2
1
-858993460
-858993460
-858993460
-858993460
Danny
Swim Coach/El Retardo


5
4
4
4
5
8
5
4
5
4
5
4
5
5
4
7
7
3
4
5
4
5
4
5
4
4
4
2
4
4
5
4
6
4
4
4

0

0

0

0

0
0
0
0
0
0
0
0
0
0
0
0
0
0
0
0
0
0
0
0
0
0
0
0
0
0
0
0
0
0
0
0
0
0
0
0
0
0
0
0
0
0
0
0
0
0
0
0
0
0
0
0
0
0
0
0
0
0
0
0
0
0
0
0
0
0
0
0
0
0
0
0
0
0
0
0
0
0
0
0
0
0
0
0
0
0
0
0
0
0
0
0
0
0
0
0
0
0
0
0
0
0
0
0
0
0
0
0
0
0
0
0
0
0
0
0
0
0
Rifle
20
20
20
1
shoot
4
2
3
-20
0
3
3
2
3
Bludgeon
0
4
1
-20
2
-20
-20
-20
-1

0
4
1
-3
-1
-20
-20
-20
-1

0
4
-1
1
0
-20
-20
-20
-1
Pistol
15
15
15
1
shoot
4
2
3
-1
3
3
2
0
3
Bludgeon
0
4
1
0
0
-20
-20
-20
-1

2
4
1
-20
-1
1
-3
-6
2

0
4
-1
1
0
-20
-20
-20
-1
Knife
1
1
0
1
slash
1
4
1
0
1
-20
-20
-20
3
jab
2
4
1
0
1
-20
-20
-20
-1
Throw
2
4
1
-20
-1
1
-3
-6
2

0
4
-1
1
0
-20
-20
-20
-1
Bow
1
1
10
1
shoot
2
2
3
-20
-2
1
2
1
2

0
4
1
0
0
-20
-20
-20
-1

2
4
1
-20
-1
1
-3
-6
2

0
4
-1
1
0
-20
-20
-20
-1
Basic Unarmed
1
1
0
1
Punch
0
4
0
-1
0
-20
-20
-20
-1
Grapple/Choke/Hold
10
4
0
1
-5
-20
-20
-20
-1
Kick
0
4
1
-3
-1
-20
-20
-20
-1
Non-Letal/Paralizing Maneuver
0
4
-1
1
0
-20
-20
-20
-1
