test npc
0
0
0
0
0
0
0
0
0
0
0
0
0
0
0
0
0
0
0
0
0
test 4
1
1
0
1
a1
0
4
1
0
0
0
0
0
2

0
4
1
0
0
0
0
0
2

0
4
1
0
0
0
0
0
2

0
4
1
0
0
0
0
0
2
Rifle
20
20
20
1
shoot
4
2
3
-20
0
3
3
2
3
Bludgeon
0
4
1
-20
2
-20
-20
-20
2

0
4
1
0
0
0
0
0
2

0
4
1
0
0
0
0
0
2
Knife
1
1
0
1
slash
1
4
1
0
1
-20
-20
-20
3
jab
2
4
1
0
1
-20
-20
-20
2
Throw
2
4
1
-20
-1
1
-3
-6
2

0
4
1
0
0
0
0
0
2
new npc
0
0
0
0
0
0
0
0
0
0
0
0
0
0
0
0
0
0
0
0
0
Taser
1
1
0
1
Taze
8
4
0
0
0
-100
-100
-100
-1

8
4
0
0
0
-100
-100
-100
-1

8
4
0
0
0
-100
-100
-100
-1

8
4
0
0
0
-100
-100
-100
-1
Knife
1
1
0
1
Slash
1
4
1
0
1
-100
-100
-100
-1
Jab
2
4
1
0
1
-100
-100
-100
-1
Throw
2
4
0
-100
-1
1
-2
-20
2

2
4
0
-100
-1
1
-2
-20
2
Rifle
20
20
20
1
shoot
4
2
3
-20
0
3
3
2
3
Bludgeon
0
4
1
-20
2
-20
-20
-20
-1

2
4
0
-100
-1
1
-2
-20
2

2
4
0
-100
-1
1
-2
-20
2
