Basic Knife
1
1
0
1
Slash
1
4
1
0
1
-20
-20
-20
-1
Jab
2
4
1
0
1
-20
-20
-20
-1
Throw
2
4
0
-20
-1
2
-3
-10
2

2
4
0
-20
-1
2
-3
-10
2
Basic Dagger
1
1
0
1
Slash
1
4
0
0
1
-20
-20
-20
-1
Thrust
2
4
1
0
1
-20
-20
-20
-1

2
4
1
0
1
-20
-20
-20
-1

2
4
1
0
1
-20
-20
-20
-1
Basic Arming Sword
1
1
0
1
Swing
1
4
1
-6
2
-20
-20
-20
-1
Thrust
2
4
1
-6
2
-20
-20
-20
-1

2
4
1
-6
2
-20
-20
-20
-1

2
4
1
-6
2
-20
-20
-20
-1
Basic Short Thrusting Sword
1
1
0
1
Cut
1
4
0
-4
2
-20
-20
-20
-1
Thrust
2
4
1
-5
2
-20
-20
-20
-1

2
4
1
-5
2
-20
-20
-20
-1

2
4
1
-5
2
-20
-20
-20
-1
Basic Short Cutting Sword
1
1
0
1
Cut
1
4
2
-5
2
-20
-20
-20
-1
Thrust
2
4
1
-10
2
-20
-20
-20
-1

2
4
1
-10
2
-20
-20
-20
-1

2
4
1
-10
2
-20
-20
-20
-1
Basic Longsword
1
1
0
1
Cut
1
4
1
-10
3
-20
-20
-20
-1
Thrust
2
4
1
-20
3
-20
-20
-20
-1

2
4
1
-20
3
-20
-20
-20
-1

2
4
1
-20
3
-20
-20
-20
-1
Basic Rapier
1
1
0
1
Cut
1
4
0
-10
2
-20
-20
-20
-1
Thrust
2
4
1
-20
3
-20
-20
-20
-1

2
4
1
-20
3
-20
-20
-20
-1

2
4
1
-20
3
-20
-20
-20
-1
Basic Unarmed
1
1
0
1
Punch
0
4
0
-1
0
-20
-20
-20
-1
Grapple/Choke/Hold
10
4
0
1
-5
-20
-20
-20
-1
Kick
0
4
1
-3
-1
-20
-20
-20
-1
Non-Letal/Paralizing Maneuver
0
4
-1
1
0
-20
-20
-20
-1
Basic Short Club
1
1
0
1
Swing
0
4
1
-3
1
-20
-20
-20
-1

0
4
1
-3
1
-20
-20
-20
-1

0
4
1
-3
1
-20
-20
-20
-1

0
4
1
-3
1
-20
-20
-20
-1
Basic Short Mace
1
1
0
1
Swing
0
2
3
-4
1
-20
-20
-20
-1

0
2
3
-4
1
-20
-20
-20
-1

0
2
3
-4
1
-20
-20
-20
-1

0
2
3
-4
1
-20
-20
-20
-1
Basic Quarterstaff
1
1
0
1
Swing
0
4
1
-10
3
-20
-20
-20
-1
Jab
0
4
1
-10
3
-20
-20
-20
-1

0
4
1
-10
3
-20
-20
-20
-1

0
4
1
-10
3
-20
-20
-20
-1
Basic Large Club/Mace
1
1
0
1
Swing
0
2
3
-10
2
-20
-20
-20
-1

0
2
3
-10
2
-20
-20
-20
-1

0
2
3
-10
2
-20
-20
-20
-1

0
2
3
-10
2
-20
-20
-20
-1
Basic Spear
1
1
0
1
Swing
1
4
0
-20
3
-20
-20
-20
-1
Jab
2
4
1
-20
3
-20
-20
-20
-1
Throw
2
4
0
-20
-6
0
1
-6
2

2
4
0
-20
-6
0
1
-6
2
Basic Halberd
1
1
0
1
Pierce-Swing
2
2
3
-20
3
-20
-20
-20
-1
Chop-Swing
3
2
3
-20
3
-20
-20
-20
-1
Cut
1
4
1
-20
4
-20
-20
-20
-1
Thrust
2
4
2
-20
4
-20
-20
-20
-1
